notes = zeros(552,4);
notes(:,1) = [
     5.117
     5.461
     5.700
     5.910
     6.123
     6.318
     6.538
     6.702
     6.933
     7.171
     7.353
     7.570
     7.795
     8.005
     8.251
     8.439
     8.709
     8.964
     9.173
     9.370
     9.600
     9.792
    10.014
    10.216
    10.445
    10.675
    10.891
    11.096
    11.318
    11.536
    11.756
    11.973
    12.259
    12.586
    12.794
    13.006
    13.218
    13.442
    13.672
    13.880
    14.125
    14.355
    14.557
    14.770
    15.010
    15.210
    15.459
    15.672
    15.946
    16.214
    16.429
    16.638
    16.861
    17.077
    17.304
    17.542
    17.784
    18.020
    18.255
    18.467
    18.704
    18.911
    19.138
    19.402
    19.681
    19.944
    20.134
    20.330
    20.570
    20.770
    21.015
    21.225
    21.466
    21.695
    21.925
    22.150
    22.355
    22.586
    22.823
    23.036
    23.315
    23.600
    23.832
    24.014
    24.260
    24.499
    24.717
    24.933
    25.199
    25.446
    25.658
    25.861
    26.111
    26.340
    26.555
    26.803
    27.064
    27.346
    27.570
    27.783
    28.021
    28.230
    28.489
    28.702
    28.923
    29.161
    29.382
    29.592
    29.834
    30.042
    30.280
    30.508
    30.799
    31.143
    31.350
    31.548
    31.782
    32.002
    32.228
    32.499
    32.691
    32.902
    33.131
    33.334
    33.579
    33.813
    34.040
    34.287
    34.589
    34.854
    35.074
    35.267
    35.495
    35.720
    35.938
    36.129
    36.392
    36.638
    36.848
    37.045
    37.273
    37.499
    37.747
    37.961
    38.234
    38.491
    38.687
    38.910
    39.157
    39.366
    39.597
    39.825
    40.075
    40.324
    40.541
    40.745
    41.010
    41.236
    41.466
    41.702
    42.004
    42.270
    42.476
    42.680
    42.909
    43.133
    43.362
    43.577
    43.826
    44.050
    44.295
    44.484
    44.726
    44.948
    45.179
    45.405
    45.649
    45.915
    46.141
    46.351
    46.592
    46.803
    47.047
    47.281
    47.515
    47.732
    47.958
    48.173
    48.417
    48.631
    48.889
    49.124
    49.417
    49.688
    49.911
    50.113
    50.368
    50.594
    50.836
    51.042
    51.298
    51.537
    51.771
    51.988
    52.236
    52.463
    52.705
    52.921
    53.171
    53.443
    53.683
    53.897
    54.140
    54.356
    54.577
    54.788
    55.045
    55.264
    55.503
    55.721
    55.959
    56.186
    56.416
    56.647
    56.880
    57.101
    57.362
    57.560
    57.812
    58.018
    58.252
    58.486
    58.722
    58.969
    59.173
    59.389
    59.656
    59.874
    60.108
    60.332
    60.581
    60.845
    61.059
    61.263
    61.502
    61.730
    61.979
    62.181
    62.435
    62.669
    62.899
    63.107
    63.364
    63.566
    63.824
    64.062
    64.284
    64.533
    64.762
    64.968
    65.215
    65.441
    65.670
    65.886
    66.119
    66.381
    66.599
    66.815
    67.061
    67.277
    67.520
    67.750
    68.018
    68.263
    68.487
    68.703
    68.944
    69.175
    69.420
    69.660
    69.879
    70.114
    70.369
    70.591
    70.857
    71.078
    71.355
    71.624
    71.912
    72.198
    72.440
    72.645
    72.885
    73.125
    73.359
    73.573
    73.812
    74.031
    74.275
    74.498
    74.714
    74.947
    75.190
    75.400
    75.647
    75.891
    76.117
    76.328
    76.566
    76.806
    77.048
    77.269
    77.507
    77.737
    77.935
    78.168
    78.424
    78.635
    78.868
    79.108
    79.356
    79.653
    79.881
    80.090
    80.328
    80.551
    80.793
    80.997
    81.222
    81.468
    81.672
    81.922
    82.146
    82.353
    82.604
    82.832
    83.100
    83.324
    83.554
    83.788
    84.019
    84.248
    84.496
    84.690
    84.936
    85.186
    85.414
    85.619
    85.861
    86.089
    86.335
    86.573
    86.838
    87.103
    87.351
    87.574
    87.802
    88.046
    88.304
    88.517
    88.750
    88.986
    89.208
    89.432
    89.676
    89.904
    90.145
    90.371
    90.627
    90.893
    91.131
    91.320
    91.554
    91.801
    92.037
    92.262
    92.476
    92.715
    92.960
    93.162
    93.413
    93.648
    93.901
    94.125
    94.378
    94.627
    94.876
    95.110
    95.335
    95.553
    95.798
    96.024
    96.245
    96.486
    96.724
    96.952
    97.179
    97.406
    97.670
    97.870
    98.126
    98.353
    98.577
    98.811
    99.046
    99.257
    99.506
    99.735
    99.961
   100.230
   100.450
   100.677
   100.910
   101.114
   101.370
   101.607
   101.828
   102.052
   102.273
   102.489
   102.773
   103.021
   103.250
   103.489
   103.725
   103.945
   104.185
   104.396
   104.675
   104.912
   105.138
   105.403
   105.664
   105.950
   106.177
   106.384
   106.641
   106.864
   107.117
   107.331
   107.580
   107.817
   108.033
   108.254
   108.495
   108.729
   108.971
   109.189
   109.430
   109.649
   109.913
   110.135
   110.371
   110.597
   110.850
   111.083
   111.316
   111.545
   111.770
   112.004
   112.244
   112.473
   112.710
   112.945
   113.222
   113.483
   113.712
   113.921
   114.164
   114.361
   114.623
   114.850
   115.066
   115.279
   115.517
   115.734
   115.973
   116.203
   116.454
   116.699
   116.938
   117.186
   117.404
   117.602
   117.850
   118.107
   118.330
   118.551
   118.799
   119.043
   119.285
   119.499
   119.764
   120.006
   120.251
   120.510
   120.795
   121.097
   121.335
   121.534
   121.813
   122.051
   122.279
   122.521
   122.742
   122.995
   123.232
   123.461
   123.702
   123.922
   124.155
   124.378
   124.635
   124.884
   125.137
   125.354
   125.612
   125.880
   126.099
   126.332
   126.593
   126.812
   127.082
   127.300
   127.534
   127.792
   128.030
   128.287
   128.562
   128.981
   129.264
   129.523
   129.762
   130.012
   130.251
   130.515
   130.766
   131.028
   131.299
   131.566
   131.860
   132.254
   132.523
   132.565
   132.615
   132.689
   133.119
   133.721
   133.843
   133.874
   134.000
   134.120
];
